0.53
0.58
0.62
0.62
0.53
0.41
0.60
0.61
0.59
0.57
EndLine----
0.52
0.57
0.56
0.59
0.57
0.46
0.43
0.55
0.57
0.55
EndLine----
0.45
0.41
0.50
0.52
0.43
0.41
0.44
0.57
0.50
0.52
EndLine----
0.43
0.41
0.51
0.51
0.49
0.45
0.41
0.58
0.54
0.53
EndLine----
1.05
0.83
1.19
1.52
1.72
1.80
1.82
1.80
1.75
1.58
EndLine----
0.71
0.63
0.77
0.79
0.81
1.11
1.35
1.22
0.79
0.77
EndLine----
0.65
0.60
0.77
0.74
0.78
0.71
0.72
0.75
0.66
0.71
EndLine----
0.61
0.60
0.76
0.71
0.74
0.70
0.69
0.73
0.62
0.61
EndLine----
0.60
0.60
0.74
0.71
0.76
0.70
0.70
0.72
0.63
0.58
EndLine----
1.16
1.06
1.06
1.25
1.52
1.71
1.75
1.75
1.61
1.37
EndLine----
0.70
0.61
0.78
0.76
0.80
0.73
0.81
0.83
0.72
0.76
EndLine----
0.63
0.60
0.77
0.74
0.73
0.70
0.70
0.76
0.67
0.68
EndLine----
0.61
0.61
0.77
0.69
0.75
0.69
0.70
0.72
0.63
0.60
EndLine----
0.58
0.60
0.75
0.70
0.75
0.68
0.70
0.72
0.62
0.59
EndLine----
1.98
1.85
1.75
1.67
1.61
1.55
1.50
1.48
1.99
1.86
EndLine----
